# generated by PrusaSlicer 2.9.4 on 2026-01-04 at 22:06:46 UTC

[snapshot]
id = 20260104T220646Z
time_captured = 20260104T220646Z
slic3r_version_captured = 2.9.4
comment = Manual jan
reason = user

[presets]
print = 0.05mm DETAIL @COREONE 0.25
sla_print = 0.025 UltraDetail
filament = 123-3D Jupiter PLA @CREALITY
sla_material = 3DJake Blue @0.025 SL1S
printer = Creality CR-10 (0.3 mm nozzle)
physical_printer = 

[Vendor:Creality]
version = 1.1.0
min_slic3r_version = 2.9.1-alpha0
max_slic3r_version = 2147483647.2147483647.2147483647
model_ENDER3 = 0.4

[Vendor:PrusaResearch]
version = 2.4.4
min_slic3r_version = 2.9.4-rc0
max_slic3r_version = 2147483647.2147483647.2147483647
model_COREONE = 0.6;HF0.4;HF0.6
model_MK3S = 0.4
